WIFI solyution: please acitvate the wifi and the transfer cable and the 
electronic technologic increphonic buzzword. Many thanks, admin42

P.s. mak mi admino pls!!

01110100 01101000 01101001 01110011 00100000 01101001 01110011 00100000 01100011
01101111 01100100 01100101 00100000 01110100 01101000 01100001 01110100 00100000
01100110 01101001 01111000 01100101 01110011 00100000 01110100 01101000 01100101
00100000 01110000 01110010 01101111 01100010 01101100 01100101 01101101 00100000
01110111 01101001 01110100 01101000 00100000 01110100 01101000 01100101 00100000
01110111 01101001 01100110 01101001 00100000 01110100 01101000 01100001 01110100
00100000 01110111 01100101 00100111 01110110 01100101 00100000 01100010 01100101
01100101 01101110 00100000 01101000 01100001 01110110 01101001 01101110 01100111
00101110 00100000 01100001 01101100 01110011 01101111 00101100 00100000 01110000
01101100 01110011 00100000 01101100 01101001 01101011 01100101 00100000 01100001
01101110 01100100 00100000 01110011 01110101 01100010 01110011 01100011 01101001
01110010 01100010 01100101 00100000 01100001 01101110 01100100 00100000 01110100
01110111 01100101 01100101 01110100 00100000 01101111 01110101 01110100 00100000
00100011 01101000 01100001 01110011 01101000 01110100 01100001 01100111 
